"","fips","NEVER","RARELY","SOMETIMES","FREQUENTLY","ALWAYS"
"1",1001,0.053,0.074,0.134,0.295,0.444
"2",1003,0.083,0.059,0.098,0.323,0.436
"3",1005,0.067,0.121,0.12,0.201,0.491
"4",1007,0.02,0.034,0.096,0.278,0.572
"5",1009,0.053,0.114,0.18,0.194,0.459
"6",1011,0.031,0.04,0.144,0.286,0.5
"7",1013,0.102,0.053,0.257,0.137,0.451
"8",1015,0.152,0.108,0.13,0.167,0.442
"9",1017,0.117,0.037,0.15,0.136,0.56
"10",1019,0.135,0.027,0.161,0.158,0.52
"11",1021,0.06,0.07,0.058,0.194,0.618
"12",1023,0.049,0.038,0.126,0.219,0.568
"13",1025,0.049,0.088,0.164,0.268,0.43
"14",1027,0.148,0.158,0.195,0.169,0.329
"15",1029,0.151,0.125,0.138,0.217,0.368
"16",1031,0.101,0.152,0.094,0.186,0.466
"17",1033,0.082,0.096,0.152,0.159,0.51
"18",1035,0.099,0.052,0.259,0.192,0.399
"19",1037,0.055,0.131,0.167,0.263,0.384
"20",1039,0.187,0.128,0.129,0.201,0.356
"21",1041,0.06,0.091,0.199,0.233,0.416
"22",1043,0.13,0.024,0.249,0.217,0.379
"23",1045,0.089,0.113,0.118,0.22,0.46
"24",1047,0.095,0.1,0.159,0.122,0.524
"25",1049,0.084,0.051,0.106,0.179,0.58
"26",1051,0.042,0.095,0.127,0.252,0.485
"27",1053,0.114,0.026,0.188,0.285,0.387
"28",1055,0.096,0.103,0.178,0.122,0.501
"29",1057,0.138,0.048,0.151,0.233,0.429
"30",1059,0.065,0.071,0.223,0.156,0.484
"31",1061,0.176,0.131,0.089,0.158,0.445
"32",1063,0.03,0.053,0.127,0.167,0.623
"33",1065,0.026,0.061,0.084,0.191,0.639
"34",1067,0.066,0.068,0.17,0.258,0.438
"35",1069,0.085,0.079,0.135,0.268,0.433
"36",1071,0.092,0.089,0.11,0.249,0.46
"37",1073,0.049,0.037,0.107,0.179,0.628
"38",1075,0.107,0.045,0.132,0.189,0.527
"39",1077,0.093,0.119,0.141,0.179,0.469
"40",1079,0.162,0.08,0.088,0.251,0.419
"41",1081,0.053,0.064,0.138,0.183,0.562
"42",1083,0.102,0.034,0.133,0.336,0.395
"43",1085,0.12,0.073,0.145,0.199,0.464
"44",1087,0.008,0.033,0.241,0.172,0.545
"45",1089,0.062,0.05,0.123,0.177,0.589
"46",1091,0.033,0.151,0.118,0.186,0.512
"47",1093,0.129,0.064,0.246,0.207,0.353
"48",1095,0.075,0.064,0.129,0.253,0.479
"49",1097,0.077,0.07,0.102,0.244,0.506
"50",1099,0.112,0.041,0.182,0.288,0.378
"51",1101,0.056,0.095,0.123,0.212,0.513
"52",1103,0.078,0.077,0.082,0.304,0.459
"53",1105,0.025,0.084,0.087,0.187,0.618
"54",1107,0.031,0.06,0.169,0.157,0.584
"55",1109,0.06,0.131,0.145,0.333,0.33
"56",1111,0.158,0.226,0.105,0.144,0.368
"57",1113,0.069,0.067,0.08,0.213,0.57
"58",1115,0.027,0.134,0.144,0.2,0.495
"59",1117,0.022,0.075,0.118,0.24,0.545
"60",1119,0.055,0.068,0.118,0.197,0.562
"61",1121,0.113,0.15,0.208,0.169,0.361
"62",1123,0.067,0.095,0.136,0.296,0.406
"63",1125,0.041,0.036,0.144,0.247,0.532
"64",1127,0.09,0.081,0.145,0.256,0.429
"65",1129,0.018,0.077,0.102,0.307,0.495
"66",1131,0.061,0.098,0.199,0.187,0.455
"67",1133,0.13,0.046,0.328,0.183,0.312
"68",2013,0.067,0.032,0.034,0.316,0.551
"69",2016,0.078,0.031,0.03,0.337,0.524
"70",2020,0.042,0.05,0.049,0.196,0.663
"71",2050,0.101,0.022,0.014,0.45,0.413
"72",2060,0.048,0.037,0.042,0.308,0.564
"73",2068,0.062,0.081,0.067,0.225,0.565
"74",2070,0.072,0.025,0.027,0.391,0.484
"75",2090,0.094,0.084,0.175,0.234,0.413
"76",2100,0.055,0.05,0.123,0.419,0.352
"77",2105,0.051,0.064,0.13,0.399,0.356
"78",2110,0.051,0.067,0.133,0.396,0.353
"79",2122,0.043,0.047,0.051,0.197,0.662
"80",2130,0.025,0.149,0.174,0.256,0.396
"81",2150,0.042,0.043,0.049,0.233,0.633
"82",2158,0.103,0.022,0.007,0.521,0.347
"83",2164,0.055,0.036,0.04,0.299,0.571
"84",2170,0.042,0.051,0.048,0.198,0.66
"85",2180,0.086,0.061,0.009,0.544,0.3
"86",2185,0.036,0.059,0.235,0.215,0.455
"87",2188,0.035,0.188,0.051,0.474,0.252
"88",2195,0.042,0.095,0.148,0.349,0.365
"89",2198,0.033,0.125,0.161,0.3,0.38
"90",2220,0.048,0.077,0.137,0.381,0.357
"91",2230,0.058,0.038,0.116,0.435,0.354
"92",2240,0.064,0.071,0.14,0.272,0.453
"93",2261,0.04,0.049,0.052,0.197,0.663
"94",2275,0.035,0.119,0.16,0.312,0.374
"95",2282,0.047,0.012,0.078,0.381,0.481
"96",2290,0.044,0.047,0.126,0.425,0.358
"97",4001,0.055,0.063,0.031,0.15,0.701
"98",4003,0.053,0.025,0.147,0.194,0.581
"99",4005,0.039,0.08,0.07,0.11,0.702
"100",4007,0.073,0.014,0.03,0.336,0.547
"101",4009,0.095,0.067,0.237,0.049,0.553
"102",4011,0.111,0.089,0.167,0.089,0.544
"103",4012,0.031,0.064,0.162,0.173,0.57
"104",4013,0.023,0.025,0.059,0.158,0.734
"105",4015,0.051,0.096,0.104,0.164,0.585
"106",4017,0.091,0.108,0.059,0.139,0.602
"107",4019,0.023,0.024,0.073,0.121,0.759
"108",4021,0.033,0.055,0.096,0.148,0.667
"109",4023,0.028,0.002,0.058,0.074,0.837
"110",4025,0.031,0.073,0.081,0.176,0.639
"111",4027,0.008,0.013,0.046,0.129,0.804
"112",5001,0.019,0.073,0.134,0.216,0.557
"113",5003,0.023,0.103,0.163,0.117,0.595
"114",5005,0.15,0.104,0.108,0.104,0.534
"115",5007,0.081,0.034,0.083,0.16,0.643
"116",5009,0.129,0.145,0.122,0.189,0.416
"117",5011,0.094,0.102,0.175,0.184,0.445
"118",5013,0.145,0.132,0.108,0.211,0.404
"119",5015,0.111,0.068,0.115,0.129,0.577
"120",5017,0.104,0.074,0.193,0.097,0.531
"121",5019,0.08,0.091,0.08,0.231,0.518
"122",5021,0.082,0.124,0.157,0.242,0.395
"123",5023,0.036,0.065,0.093,0.259,0.546
"124",5025,0.107,0.03,0.16,0.231,0.472
"125",5027,0.241,0.072,0.054,0.25,0.383
"126",5029,0.071,0.12,0.137,0.347,0.325
"127",5031,0.078,0.123,0.138,0.341,0.32
"128",5033,0.155,0.1,0.167,0.211,0.367
"129",5035,0.059,0.017,0.11,0.306,0.508
"130",5037,0.097,0.017,0.163,0.319,0.404
"131",5039,0.197,0.055,0.093,0.196,0.459
"132",5041,0.078,0.033,0.19,0.189,0.509
"133",5043,0.063,0.049,0.207,0.159,0.523
"134",5045,0.066,0.027,0.077,0.403,0.426
"135",5047,0.149,0.079,0.245,0.187,0.34
"136",5049,0.105,0.121,0.226,0.197,0.351
"137",5051,0.025,0.102,0.068,0.21,0.596
"138",5053,0.082,0.043,0.127,0.258,0.489
"139",5055,0.062,0.141,0.154,0.346,0.297
"140",5057,0.098,0.073,0.096,0.179,0.554
"141",5059,0.059,0.086,0.079,0.216,0.56
"142",5061,0.081,0.07,0.145,0.145,0.56
"143",5063,0.137,0.156,0.088,0.179,0.44
"144",5065,0.086,0.121,0.133,0.23,0.43
"145",5067,0.116,0.103,0.135,0.179,0.468
"146",5069,0.042,0.036,0.172,0.173,0.577
"147",5071,0.144,0.103,0.205,0.221,0.328
"148",5073,0.12,0.082,0.078,0.234,0.486
"149",5075,0.085,0.128,0.153,0.298,0.337
"150",5077,0.103,0.032,0.195,0.263,0.407
"151",5079,0.035,0.016,0.194,0.201,0.554
"152",5081,0.074,0.121,0.106,0.201,0.499
"153",5083,0.148,0.11,0.12,0.143,0.479
"154",5085,0.048,0.045,0.136,0.297,0.474
"155",5087,0.075,0.088,0.159,0.114,0.564
"156",5089,0.171,0.112,0.119,0.108,0.49
"157",5091,0.064,0.124,0.106,0.219,0.487
"158",5093,0.033,0.109,0.134,0.284,0.44
"159",5095,0.068,0.128,0.127,0.271,0.406
"160",5097,0.081,0.095,0.136,0.166,0.521
"161",5099,0.143,0.048,0.084,0.224,0.501
"162",5101,0.107,0.14,0.084,0.261,0.408
"163",5103,0.151,0.097,0.06,0.242,0.449
"164",5105,0.098,0.051,0.08,0.367,0.404
"165",5107,0.052,0.061,0.134,0.276,0.477
"166",5109,0.064,0.061,0.2,0.176,0.501
"167",5111,0.077,0.098,0.141,0.287,0.397
"168",5113,0.18,0.08,0.217,0.076,0.446
"169",5115,0.082,0.151,0.181,0.285,0.302
"170",5117,0.062,0.17,0.103,0.273,0.391
"171",5119,0.028,0.027,0.126,0.175,0.644
"172",5121,0.051,0.145,0.203,0.289,0.311
"173",5123,0.087,0.007,0.289,0.267,0.35
"174",5125,0.066,0.044,0.154,0.212,0.524
"175",5127,0.155,0.14,0.124,0.123,0.458
"176",5129,0.1,0.088,0.125,0.149,0.538
"177",5131,0.121,0.142,0.157,0.208,0.372
"178",5133,0.12,0.093,0.155,0.165,0.467
"179",5135,0.067,0.158,0.22,0.222,0.333
"180",5137,0.067,0.092,0.11,0.234,0.498
"181",5139,0.116,0.179,0.098,0.262,0.344
"182",5141,0.033,0.06,0.096,0.272,0.539
"183",5143,0.034,0.028,0.101,0.186,0.651
"184",5145,0.026,0.054,0.152,0.277,0.491
"185",5147,0.059,0.048,0.208,0.231,0.454
"186",5149,0.116,0.1,0.112,0.198,0.474
"187",6001,0.019,0.008,0.055,0.123,0.795
"188",6003,0.025,0.085,0.088,0.19,0.612
"189",6005,0.045,0.013,0.099,0.188,0.655
"190",6007,0.015,0.043,0.111,0.204,0.626
"191",6009,0.045,0.019,0.098,0.276,0.562
"192",6011,0.027,0.031,0.092,0.151,0.7
"193",6013,0.018,0.016,0.039,0.121,0.806
"194",6015,0.01,0.135,0.112,0.196,0.547
"195",6017,0.028,0.042,0.072,0.183,0.675
"196",6019,0.021,0.022,0.059,0.156,0.741
"197",6021,0.028,0.026,0.146,0.206,0.594
"198",6023,0.042,0.006,0.018,0.069,0.865
"199",6025,0.001,0.005,0.03,0.128,0.836
"200",6027,0.033,0.011,0.008,0.058,0.889
"201",6029,0.022,0.028,0.105,0.177,0.668
"202",6031,0.075,0.016,0.049,0.094,0.766
"203",6033,0.003,0.004,0.007,0.136,0.849
"204",6035,0.064,0.068,0.162,0.225,0.482
"205",6037,0.021,0.013,0.049,0.131,0.786
"206",6039,0.019,0.059,0.048,0.124,0.751
"207",6041,0.011,0,0.046,0.141,0.802
"208",6043,0.01,0.094,0.049,0.186,0.661
"209",6045,0.002,0.003,0.004,0.222,0.77
"210",6047,0.026,0.036,0.089,0.146,0.703
"211",6049,0.068,0.019,0.095,0.204,0.615
"212",6051,0.011,0.026,0.012,0.07,0.88
"213",6053,0.023,0.006,0.066,0.141,0.763
"214",6055,0.017,0.026,0.033,0.149,0.773
"215",6057,0.003,0.054,0.084,0.177,0.682
"216",6059,0.023,0.021,0.046,0.156,0.754
"217",6061,0.012,0.023,0.072,0.201,0.693
"218",6063,0.063,0.067,0.053,0.146,0.671
"219",6065,0.026,0.014,0.041,0.116,0.803
"220",6067,0.025,0.028,0.062,0.164,0.722
"221",6069,0.018,0.004,0.063,0.175,0.739
"222",6071,0.027,0.022,0.048,0.134,0.768
"223",6073,0.017,0.023,0.034,0.126,0.8
"224",6075,0.017,0.011,0.035,0.121,0.817
"225",6077,0.054,0.019,0.081,0.165,0.68
"226",6079,0.025,0.024,0.037,0.169,0.745
"227",6081,0.016,0.013,0.058,0.126,0.786
"228",6083,0.015,0.02,0.075,0.153,0.737
"229",6085,0.015,0.014,0.04,0.168,0.764
"230",6087,0.008,0,0.086,0.109,0.797
"231",6089,0.095,0.056,0.071,0.232,0.547
"232",6091,0.14,0.053,0.047,0.143,0.617
"233",6093,0.132,0.074,0.082,0.167,0.546
"234",6095,0.043,0.046,0.035,0.148,0.728
"235",6097,0.022,0.012,0.022,0.149,0.795
"236",6099,0.032,0.028,0.062,0.173,0.705
"237",6101,0.058,0.031,0.08,0.163,0.669
"238",6103,0.057,0.062,0.141,0.195,0.545
"239",6105,0.081,0.07,0.055,0.201,0.592
"240",6107,0.025,0.039,0.115,0.136,0.685
"241",6109,0.008,0.043,0.084,0.212,0.653
"242",6111,0.024,0.011,0.033,0.156,0.777
"243",6113,0.007,0.005,0.04,0.156,0.791
"244",6115,0.057,0.035,0.071,0.167,0.669
"245",8001,0.032,0.027,0.071,0.185,0.685
"246",8003,0.052,0.133,0.094,0.228,0.493
"247",8005,0.013,0.026,0.065,0.193,0.703
"248",8007,0.041,0.041,0.155,0.276,0.488
"249",8009,0.113,0.053,0.194,0.206,0.435
"250",8011,0.033,0.036,0.172,0.191,0.567
"251",8013,0.008,0.015,0.032,0.195,0.75
"252",8014,0.018,0.005,0.042,0.201,0.734
"253",8015,0.038,0.045,0.134,0.138,0.645
"254",8017,0.016,0.187,0.106,0.398,0.292
"255",8019,0.002,0.015,0.138,0.123,0.723
"256",8021,0.06,0.106,0.093,0.195,0.545
"257",8023,0.034,0.072,0.076,0.175,0.644
"258",8025,0.002,0.034,0.08,0.294,0.59
"259",8027,0.017,0.098,0.153,0.234,0.498
"260",8029,0.087,0.094,0.074,0.295,0.45
"261",8031,0.02,0.018,0.062,0.194,0.707
"262",8033,0.052,0.039,0.066,0.252,0.591
"263",8035,0.013,0.041,0.081,0.192,0.673
"264",8037,0.008,0.003,0.033,0.269,0.687
"265",8039,0.016,0.044,0.19,0.246,0.505
"266",8041,0.031,0.089,0.081,0.196,0.603
"267",8043,0.006,0.069,0.062,0.2,0.663
"268",8045,0.065,0.04,0.037,0.326,0.532
"269",8047,0.001,0.027,0.017,0.17,0.785
"270",8049,0.006,0.002,0.05,0.187,0.754
"271",8051,0.057,0.039,0.043,0.281,0.581
"272",8053,0.043,0.05,0.117,0.271,0.519
"273",8055,0.028,0.051,0.051,0.275,0.595
"274",8057,0.021,0.027,0.09,0.342,0.52
"275",8059,0.028,0.031,0.075,0.194,0.673
"276",8061,0.028,0.051,0.159,0.27,0.492
"277",8063,0.024,0.323,0.119,0.344,0.19
"278",8065,0.002,0.016,0.036,0.193,0.753
"279",8067,0.043,0.02,0.122,0.274,0.541
"280",8069,0.013,0.037,0.06,0.231,0.659
"281",8071,0.052,0.03,0.101,0.17,0.648
"282",8073,0.013,0.068,0.196,0.403,0.321
"283",8075,0.078,0.202,0.101,0.368,0.251
"284",8077,0.075,0.105,0.098,0.222,0.499
"285",8079,0.049,0.072,0.138,0.264,0.478
"286",8081,0.041,0.142,0.162,0.284,0.371
"287",8083,0.057,0.019,0.081,0.257,0.586
"288",8085,0.085,0.092,0.074,0.314,0.436
"289",8087,0.083,0.161,0.116,0.245,0.396
"290",8089,0.004,0.047,0.102,0.194,0.653
"291",8091,0.06,0.08,0.069,0.295,0.495
"292",8093,0.021,0.018,0.103,0.137,0.722
"293",8095,0.05,0.19,0.137,0.255,0.368
"294",8097,0.019,0.014,0.016,0.318,0.633
"295",8099,0.079,0.046,0.205,0.201,0.469
"296",8101,0.018,0.044,0.074,0.28,0.584
"297",8103,0.111,0.092,0.074,0.265,0.458
"298",8105,0.061,0.144,0.11,0.242,0.444
"299",8107,0.008,0.036,0.092,0.375,0.489
"300",8109,0.065,0.122,0.138,0.232,0.443
"301",8111,0.032,0.038,0.097,0.27,0.563
"302",8113,0.043,0.058,0.074,0.26,0.565
"303",8115,0.065,0.162,0.138,0.267,0.368
"304",8117,0,0.001,0.064,0.151,0.784
"305",8119,0.105,0.087,0.066,0.145,0.597
"306",8121,0.077,0.208,0.101,0.303,0.31
"307",8123,0.046,0.038,0.135,0.231,0.55
"308",8125,0.038,0.284,0.133,0.255,0.29
"309",9001,0.027,0.019,0.06,0.114,0.78
"310",9003,0.015,0.023,0.065,0.13,0.767
"311",9005,0.017,0.051,0.021,0.098,0.812
"312",9007,0.003,0.007,0.055,0.128,0.807
"313",9009,0.023,0.014,0.053,0.115,0.795
"314",9011,0.025,0.021,0.066,0.142,0.747
"315",9013,0.008,0.008,0.027,0.147,0.81
"316",9015,0.022,0.041,0.082,0.137,0.718
"317",10001,0.026,0.006,0.106,0.051,0.811
"318",10003,0.027,0.013,0.041,0.133,0.786
"319",10005,0.005,0.001,0.035,0.103,0.856
"320",11001,0.012,0.013,0.069,0.164,0.743
"321",12001,0.001,0.024,0.053,0.17,0.751
"322",12003,0.087,0.076,0.18,0.215,0.442
"323",12005,0.065,0.109,0.076,0.202,0.548
"324",12007,0.106,0.168,0.172,0.173,0.381
"325",12009,0.068,0.073,0.096,0.157,0.607
"326",12011,0.026,0.023,0.043,0.117,0.791
"327",12013,0.034,0.055,0.138,0.267,0.507
"328",12015,0.051,0.049,0.101,0.158,0.64
"329",12017,0.09,0.036,0.087,0.178,0.609
"330",12019,0.055,0.067,0.15,0.209,0.52
"331",12021,0.04,0.023,0.067,0.212,0.658
"332",12023,0.047,0.026,0.288,0.254,0.385
"333",12027,0.023,0.064,0.056,0.142,0.715
"334",12029,0.071,0.095,0.119,0.318,0.397
"335",12031,0.049,0.042,0.086,0.194,0.629
"336",12033,0.019,0.052,0.095,0.31,0.524
"337",12035,0.079,0.05,0.113,0.157,0.602
"338",12037,0.022,0.101,0.237,0.228,0.412
"339",12039,0.06,0.033,0.104,0.227,0.575
"340",12041,0.016,0.151,0.069,0.324,0.44
"341",12043,0.047,0.082,0.098,0.096,0.677
"342",12045,0.046,0.125,0.12,0.249,0.46
"343",12047,0.101,0.071,0.235,0.227,0.365
"344",12049,0.114,0.041,0.179,0.186,0.48
"345",12051,0.046,0.042,0.112,0.15,0.65
"346",12053,0.09,0.04,0.091,0.19,0.589
"347",12055,0.025,0.056,0.145,0.138,0.635
"348",12057,0.023,0.031,0.069,0.155,0.722
"349",12059,0.17,0.077,0.081,0.111,0.562
"350",12061,0.054,0.065,0.082,0.193,0.607
"351",12063,0.064,0.108,0.129,0.174,0.526
"352",12065,0.019,0.017,0.099,0.183,0.682
"353",12067,0.102,0.081,0.22,0.208,0.389
"354",12069,0.047,0.062,0.074,0.185,0.632
"355",12071,0.052,0.05,0.073,0.176,0.648
"356",12073,0.051,0.022,0.071,0.156,0.7
"357",12075,0.017,0.132,0.072,0.187,0.592
"358",12077,0.022,0.023,0.205,0.268,0.482
"359",12079,0.164,0.085,0.148,0.264,0.34
"360",12081,0.074,0.037,0.062,0.201,0.626
"361",12083,0.046,0.087,0.121,0.203,0.543
"362",12085,0.027,0.018,0.066,0.169,0.719
"363",12086,0.032,0.023,0.06,0.128,0.756
"364",12087,0.007,0.001,0.014,0.159,0.819
"365",12089,0.09,0.07,0.147,0.223,0.47
"366",12091,0.091,0.083,0.147,0.21,0.469
"367",12093,0.016,0.034,0.064,0.171,0.715
"368",12095,0.02,0.02,0.072,0.164,0.724
"369",12097,0.025,0.022,0.058,0.176,0.72
"370",12099,0.03,0.02,0.05,0.116,0.784
"371",12101,0.027,0.029,0.055,0.179,0.709
"372",12103,0.025,0.019,0.074,0.133,0.75
"373",12105,0.05,0.063,0.085,0.172,0.63
"374",12107,0.068,0.05,0.114,0.186,0.581
"375",12109,0.047,0.071,0.097,0.223,0.561
"376",12111,0.077,0.022,0.08,0.173,0.648
"377",12113,0.047,0.068,0.166,0.265,0.453
"378",12115,0.017,0.031,0.073,0.175,0.704
"379",12117,0.037,0.039,0.066,0.141,0.717
"380",12119,0.037,0.036,0.064,0.235,0.628
"381",12121,0.105,0.055,0.244,0.227,0.369
"382",12123,0.103,0.086,0.19,0.145,0.476
"383",12125,0.044,0.04,0.176,0.267,0.473
"384",12127,0.035,0.066,0.089,0.192,0.618
"385",12129,0.032,0.092,0.172,0.275,0.429
"386",12131,0.092,0.06,0.092,0.244,0.512
"387",12133,0.138,0.085,0.062,0.158,0.557
"388",13001,0.085,0.117,0.23,0.152,0.416
"389",13003,0.059,0.1,0.179,0.217,0.445
"390",13005,0.071,0.132,0.187,0.188,0.421
"391",13007,0.027,0.048,0.054,0.127,0.743
"392",13009,0.02,0.089,0.107,0.29,0.494
"393",13011,0.136,0.103,0.125,0.238,0.399
"394",13013,0.063,0.086,0.092,0.19,0.568
"395",13015,0.215,0.05,0.123,0.143,0.47
"396",13017,0.129,0.078,0.109,0.202,0.483
"397",13019,0.073,0.098,0.156,0.214,0.46
"398",13021,0.043,0.094,0.176,0.201,0.487
"399",13023,0.089,0.031,0.117,0.256,0.508
"400",13025,0.047,0.129,0.15,0.164,0.51
"401",13027,0.092,0.165,0.124,0.235,0.385
"402",13029,0.033,0.039,0.095,0.238,0.595
"403",13031,0.053,0.049,0.163,0.31,0.424
"404",13033,0.105,0.109,0.087,0.208,0.492
"405",13035,0.125,0.037,0.144,0.163,0.53
"406",13037,0.013,0.035,0.043,0.172,0.737
"407",13039,0.136,0.125,0.17,0.113,0.456
"408",13043,0.037,0.045,0.177,0.264,0.477
"409",13045,0.089,0.133,0.154,0.168,0.457
"410",13047,0.143,0.152,0.114,0.217,0.375
"411",13049,0.065,0.094,0.15,0.196,0.495
"412",13051,0.035,0.04,0.144,0.158,0.624
"413",13053,0.061,0.072,0.108,0.214,0.545
"414",13055,0.116,0.102,0.187,0.143,0.451
"415",13057,0.049,0.054,0.1,0.213,0.584
"416",13059,0.054,0.057,0.06,0.226,0.603
"417",13061,0.028,0.066,0.12,0.223,0.562
"418",13063,0.038,0.054,0.125,0.159,0.624
"419",13065,0.06,0.058,0.134,0.168,0.58
"420",13067,0.039,0.049,0.116,0.225,0.572
"421",13069,0.085,0.124,0.164,0.222,0.404
"422",13071,0.108,0.191,0.074,0.233,0.394
"423",13073,0.061,0.064,0.095,0.234,0.547
"424",13075,0.098,0.134,0.123,0.203,0.441
"425",13077,0.105,0.053,0.183,0.204,0.455
"426",13079,0.057,0.051,0.231,0.192,0.468
"427",13081,0.119,0.023,0.06,0.163,0.635
"428",13083,0.128,0.222,0.13,0.249,0.27
"429",13085,0.049,0.09,0.128,0.162,0.571
"430",13087,0.093,0.04,0.171,0.18,0.516
"431",13089,0.036,0.028,0.075,0.156,0.704
"432",13091,0.145,0.025,0.15,0.236,0.443
"433",13093,0.077,0.034,0.058,0.204,0.627
"434",13095,0.033,0.037,0.045,0.159,0.726
"435",13097,0.083,0.037,0.09,0.198,0.591
"436",13099,0.045,0.062,0.156,0.253,0.485
"437",13101,0.097,0.073,0.182,0.202,0.446
"438",13103,0.044,0.064,0.145,0.272,0.475
"439",13105,0.132,0.177,0.081,0.107,0.503
"440",13107,0.062,0.044,0.142,0.252,0.5
"441",13109,0.03,0.078,0.229,0.29,0.372
"442",13111,0.075,0.088,0.125,0.112,0.6
"443",13113,0.06,0.086,0.131,0.218,0.505
"444",13115,0.186,0.036,0.234,0.148,0.395
"445",13117,0.035,0.048,0.083,0.193,0.641
"446",13119,0.168,0.074,0.117,0.215,0.425
"447",13121,0.026,0.036,0.089,0.187,0.662
"448",13123,0.128,0.042,0.087,0.198,0.545
"449",13125,0.156,0.066,0.107,0.13,0.541
"450",13127,0.048,0.071,0.145,0.251,0.485
"451",13129,0.172,0.1,0.201,0.157,0.369
"452",13131,0.063,0.139,0.116,0.264,0.417
"453",13133,0.062,0.046,0.057,0.176,0.658
"454",13135,0.036,0.054,0.081,0.19,0.639
"455",13137,0.063,0.1,0.116,0.292,0.43
"456",13139,0.061,0.069,0.128,0.198,0.545
"457",13141,0.043,0.111,0.102,0.168,0.575
"458",13143,0.184,0.123,0.165,0.184,0.345
"459",13145,0.093,0.081,0.061,0.213,0.551
"460",13147,0.092,0.061,0.14,0.207,0.5
"461",13149,0.126,0.094,0.166,0.144,0.471
"462",13151,0.103,0.048,0.091,0.181,0.578
"463",13153,0.032,0.079,0.136,0.172,0.581
"464",13155,0.098,0.091,0.126,0.224,0.46
"465",13157,0.125,0.085,0.117,0.24,0.434
"466",13159,0.082,0.059,0.181,0.118,0.56
"467",13161,0.124,0.138,0.165,0.183,0.39
"468",13163,0.251,0.055,0.099,0.102,0.493
"469",13165,0.114,0.053,0.084,0.261,0.488
"470",13167,0.119,0.053,0.109,0.251,0.468
"471",13169,0.049,0.087,0.226,0.209,0.43
"472",13171,0.07,0.06,0.171,0.293,0.406
"473",13173,0.102,0.07,0.145,0.181,0.502
"474",13175,0.122,0.056,0.141,0.291,0.391
"475",13177,0.035,0.033,0.039,0.162,0.732
"476",13179,0.007,0.099,0.066,0.215,0.614
"477",13181,0.073,0.104,0.111,0.233,0.479
"478",13183,0.014,0.119,0.086,0.159,0.621
"479",13185,0.108,0.101,0.149,0.208,0.435
"480",13187,0.035,0.086,0.13,0.245,0.504
"481",13189,0.072,0.053,0.123,0.265,0.488
"482",13191,0.034,0.076,0.188,0.221,0.481
"483",13193,0.078,0.049,0.113,0.21,0.55
"484",13195,0.165,0.084,0.055,0.186,0.511
"485",13197,0.084,0.12,0.167,0.196,0.433
"486",13199,0.109,0.086,0.138,0.15,0.517
"487",13201,0.064,0.056,0.182,0.159,0.539
"488",13205,0.044,0.112,0.055,0.159,0.63
"489",13207,0.072,0.035,0.184,0.253,0.455
"490",13209,0.114,0.083,0.174,0.228,0.401
"491",13211,0.061,0.064,0.093,0.168,0.614
"492",13213,0.193,0.03,0.182,0.177,0.417
"493",13215,0.063,0.073,0.083,0.225,0.555
"494",13217,0.094,0.076,0.123,0.207,0.5
"495",13219,0.049,0.063,0.095,0.181,0.611
"496",13221,0.056,0.082,0.054,0.181,0.627
"497",13223,0.097,0.068,0.108,0.233,0.494
"498",13225,0.027,0.074,0.172,0.16,0.567
"499",13227,0.038,0.118,0.101,0.188,0.555
"500",13229,0.05,0.143,0.127,0.157,0.522
"501",13231,0.059,0.06,0.147,0.192,0.542
"502",13233,0.106,0.071,0.192,0.145,0.485
"503",13235,0.079,0.031,0.098,0.218,0.575
"504",13237,0.059,0.093,0.118,0.214,0.516
"505",13239,0.053,0.15,0.095,0.163,0.538
"506",13241,0.1,0.083,0.124,0.229,0.464
"507",13243,0.016,0.065,0.05,0.2,0.669
"508",13245,0.068,0.059,0.114,0.18,0.578
"509",13247,0.058,0.078,0.115,0.216,0.534
"510",13249,0.07,0.102,0.117,0.214,0.497
"511",13251,0.198,0.069,0.081,0.242,0.41
"512",13253,0.073,0.079,0.202,0.135,0.51
"513",13255,0.072,0.038,0.179,0.202,0.509
"514",13257,0.087,0.116,0.116,0.31,0.37
"515",13259,0.055,0.092,0.133,0.203,0.517
"516",13261,0.055,0.056,0.046,0.202,0.641
"517",13263,0.168,0.08,0.089,0.171,0.492
"518",13265,0.065,0.048,0.086,0.158,0.644
"519",13267,0.051,0.076,0.214,0.224,0.434
"520",13269,0.126,0.069,0.182,0.201,0.422
"521",13271,0.156,0.075,0.134,0.208,0.427
"522",13273,0.019,0.029,0.03,0.167,0.755
"523",13275,0.026,0.096,0.12,0.228,0.53
"524",13277,0.066,0.088,0.122,0.227,0.496
"525",13279,0.097,0.069,0.179,0.226,0.429
"526",13281,0.076,0.096,0.098,0.199,0.531
"527",13283,0.096,0.07,0.168,0.267,0.399
"528",13285,0.175,0.031,0.119,0.178,0.497
"529",13287,0.141,0.042,0.094,0.175,0.547
"530",13289,0.04,0.077,0.188,0.148,0.547
"531",13291,0.065,0.119,0.087,0.168,0.56
"532",13293,0.16,0.1,0.114,0.206,0.421
"533",13295,0.144,0.164,0.117,0.21,0.366
"534",13297,0.106,0.127,0.184,0.141,0.442
"535",13299,0.061,0.108,0.109,0.166,0.556
"536",13301,0.095,0.065,0.14,0.226,0.474
"537",13303,0.104,0.07,0.053,0.157,0.617
"538",13305,0.029,0.139,0.143,0.139,0.55
"539",13307,0.019,0.064,0.103,0.21,0.603
"540",13309,0.135,0.078,0.162,0.23,0.395
"541",13311,0.057,0.064,0.099,0.347,0.433
"542",13313,0.185,0.068,0.203,0.142,0.403
"543",13315,0.173,0.017,0.083,0.157,0.569
"544",13317,0.08,0.086,0.114,0.172,0.548
"545",13319,0.039,0.062,0.141,0.224,0.534
"546",13321,0.069,0.056,0.083,0.187,0.605
"547",15001,0.01,0.032,0.037,0.122,0.799
"548",15003,0.011,0.012,0.027,0.151,0.798
"549",15005,0.026,0.013,0.032,0.08,0.85
"550",15007,0,0.021,0.046,0.108,0.825
"551",15009,0.034,0.016,0.025,0.122,0.803
"552",16001,0.118,0.078,0.084,0.194,0.526
"553",16003,0.094,0.216,0.218,0.218,0.254
"554",16005,0.084,0.193,0.176,0.195,0.352
"555",16007,0.151,0.12,0.102,0.243,0.385
"556",16009,0.038,0.059,0.15,0.152,0.601
"557",16011,0.095,0.197,0.175,0.229,0.304
"558",16013,0.155,0.107,0.102,0.13,0.506
"559",16015,0.057,0.038,0.038,0.549,0.318
"560",16017,0.088,0.116,0.119,0.241,0.436
"561",16019,0.096,0.202,0.188,0.247,0.268
"562",16021,0.045,0.171,0.061,0.185,0.537
"563",16023,0.107,0.213,0.159,0.222,0.298
"564",16025,0.186,0.03,0.047,0.098,0.639
"565",16027,0.113,0.095,0.17,0.24,0.381
"566",16029,0.1,0.181,0.191,0.202,0.326
"567",16031,0.134,0.223,0.102,0.149,0.392
"568",16033,0.119,0.228,0.196,0.239,0.218
"569",16035,0.037,0.112,0.127,0.25,0.475
"570",16037,0.069,0.029,0.199,0.244,0.458
"571",16039,0.206,0.044,0.038,0.173,0.539
"572",16041,0.131,0.118,0.085,0.256,0.41
"573",16043,0.111,0.206,0.202,0.247,0.233
"574",16045,0.119,0.136,0.111,0.198,0.436
"575",16047,0.211,0.202,0.089,0.153,0.345
"576",16049,0.045,0.094,0.164,0.275,0.423
"577",16051,0.099,0.208,0.192,0.249,0.252
"578",16053,0.175,0.219,0.096,0.167,0.343
"579",16055,0.146,0.105,0.17,0.22,0.359
"580",16057,0.002,0.012,0.066,0.328,0.592
"581",16059,0.109,0.173,0.231,0.125,0.362
"582",16061,0.027,0.073,0.157,0.285,0.459
"583",16063,0.18,0.2,0.105,0.135,0.379
"584",16065,0.101,0.207,0.196,0.25,0.245
"585",16067,0.134,0.219,0.106,0.152,0.39
"586",16069,0.009,0.03,0.117,0.326,0.517
"587",16071,0.083,0.173,0.153,0.185,0.406
"588",16073,0.123,0.137,0.146,0.171,0.423
"589",16075,0.081,0.199,0.174,0.242,0.304
"590",16077,0.078,0.205,0.152,0.185,0.381
"591",16079,0.068,0.144,0.299,0.147,0.342
"592",16081,0.099,0.189,0.19,0.25,0.272
"593",16083,0.166,0.222,0.101,0.177,0.335
"594",16085,0.041,0.118,0.102,0.378,0.361
"595",16087,0.136,0.13,0.324,0.172,0.239
"596",17001,0.18,0.092,0.189,0.19,0.35
"597",17003,0.11,0.082,0.148,0.262,0.398
"598",17005,0.07,0.055,0.108,0.218,0.549
"599",17007,0.025,0.006,0.065,0.244,0.66
"600",17009,0.18,0.099,0.136,0.2,0.385
"601",17011,0.012,0.019,0.156,0.208,0.605
"602",17013,0.082,0.06,0.219,0.366,0.273
"603",17015,0.03,0.064,0.12,0.19,0.596
"604",17017,0.103,0.08,0.19,0.187,0.441
"605",17019,0,0.067,0.08,0.192,0.661
"606",17021,0.059,0.057,0.091,0.19,0.603
"607",17023,0.127,0.089,0.107,0.226,0.451
"608",17025,0.062,0.115,0.145,0.306,0.372
"609",17027,0.102,0.063,0.083,0.166,0.587
"610",17029,0.112,0.055,0.201,0.221,0.411
"611",17031,0.023,0.021,0.072,0.162,0.722
"612",17033,0.146,0.196,0.047,0.219,0.392
"613",17035,0.095,0.075,0.194,0.212,0.424
"614",17037,0.007,0.012,0.034,0.191,0.756
"615",17039,0.035,0.106,0.073,0.28,0.507
"616",17041,0.048,0.061,0.105,0.191,0.594
"617",17043,0.01,0.01,0.056,0.163,0.76
"618",17045,0.174,0.09,0.131,0.208,0.398
"619",17047,0.086,0.148,0.233,0.306,0.228
"620",17049,0.072,0.072,0.214,0.232,0.41
"621",17051,0.069,0.076,0.156,0.229,0.47
"622",17053,0.011,0.082,0.167,0.172,0.567
"623",17055,0.099,0.166,0.119,0.211,0.405
"624",17057,0.016,0.03,0.311,0.199,0.444
"625",17059,0.201,0.06,0.128,0.238,0.373
"626",17061,0.136,0.029,0.109,0.217,0.508
"627",17063,0.056,0.056,0.105,0.183,0.599
"628",17065,0.138,0.179,0.1,0.21,0.373
"629",17067,0.147,0.154,0.125,0.163,0.411
"630",17069,0.163,0.072,0.235,0.191,0.34
"631",17071,0.096,0.044,0.101,0.155,0.604
"632",17073,0.067,0.072,0.061,0.203,0.597
"633",17075,0.097,0.168,0.069,0.242,0.424
"634",17077,0.066,0.078,0.151,0.209,0.496
"635",17079,0.099,0.135,0.131,0.254,0.38
"636",17081,0.122,0.126,0.08,0.279,0.393
"637",17083,0.074,0.079,0.124,0.185,0.537
"638",17085,0.034,0.104,0.22,0.178,0.465
"639",17087,0.124,0.05,0.189,0.141,0.496
"640",17089,0.013,0.026,0.048,0.165,0.748
"641",17091,0.044,0.084,0.096,0.249,0.527
"642",17093,0.001,0.009,0.065,0.136,0.788
"643",17095,0.035,0.031,0.194,0.246,0.494
"644",17097,0.02,0.018,0.046,0.146,0.769
"645",17099,0.018,0.046,0.113,0.267,0.556
"646",17101,0.197,0.157,0.105,0.281,0.26
"647",17103,0.013,0.054,0.058,0.224,0.65
"648",17105,0.03,0.147,0.08,0.234,0.51
"649",17107,0.046,0.045,0.23,0.128,0.551
"650",17109,0.041,0.091,0.097,0.182,0.59
"651",17111,0.03,0.012,0.066,0.176,0.716
"652",17113,0.085,0.062,0.091,0.201,0.561
"653",17115,0.016,0.062,0.088,0.286,0.549
"654",17117,0.015,0.05,0.147,0.227,0.561
"655",17119,0.035,0.045,0.083,0.189,0.648
"656",17121,0.1,0.093,0.101,0.302,0.404
"657",17123,0.048,0.083,0.133,0.198,0.538
"658",17125,0.238,0.031,0.292,0.126,0.313
"659",17127,0.097,0.043,0.232,0.256,0.373
"660",17129,0.102,0.047,0.138,0.172,0.54
"661",17131,0.039,0.066,0.11,0.215,0.571
"662",17133,0.003,0.04,0.112,0.174,0.67
"663",17135,0.018,0.05,0.091,0.316,0.525
"664",17137,0.05,0.062,0.177,0.178,0.533
"665",17139,0.081,0.073,0.213,0.243,0.39
"666",17141,0.053,0.045,0.129,0.184,0.589
"667",17143,0.039,0.036,0.096,0.251,0.577
"668",17145,0.055,0.092,0.104,0.358,0.392
"669",17147,0.003,0.052,0.06,0.198,0.688
"670",17149,0.138,0.079,0.218,0.205,0.36
"671",17151,0.104,0.054,0.213,0.214,0.415
"672",17153,0.117,0.064,0.189,0.225,0.405
"673",17155,0.021,0.025,0.168,0.251,0.535
"674",17157,0.008,0.032,0.117,0.391,0.452
"675",17159,0.111,0.151,0.107,0.3,0.331
"676",17161,0.078,0.025,0.066,0.235,0.596
"677",17163,0.032,0.027,0.037,0.138,0.767
"678",17165,0.117,0.106,0.111,0.204,0.462
"679",17167,0.017,0.03,0.155,0.233,0.564
"680",17169,0.132,0.1,0.152,0.198,0.417
"681",17171,0.113,0.057,0.148,0.162,0.52
"682",17173,0.07,0.047,0.168,0.245,0.469
"683",17175,0.013,0.101,0.058,0.155,0.672
"684",17177,0.036,0.059,0.041,0.222,0.644
"685",17179,0.044,0.04,0.141,0.215,0.56
"686",17181,0.1,0.078,0.162,0.195,0.466
"687",17183,0.023,0.119,0.088,0.266,0.504
"688",17185,0.078,0.113,0.271,0.325,0.212
"689",17187,0.042,0.02,0.141,0.276,0.522
"690",17189,0.118,0.046,0.053,0.327,0.456
"691",17191,0.086,0.142,0.128,0.3,0.345
"692",17193,0.19,0.144,0.095,0.239,0.332
"693",17195,0.025,0.066,0.042,0.218,0.649
"694",17197,0.041,0.024,0.062,0.134,0.739
"695",17199,0.095,0.122,0.136,0.183,0.464
"696",17201,0.031,0.03,0.089,0.193,0.657
"697",17203,0.062,0.067,0.112,0.242,0.517
"698",18001,0.136,0.047,0.16,0.348,0.309
"699",18003,0.07,0.14,0.099,0.228,0.464
"700",18005,0.138,0.084,0.085,0.286,0.406
"701",18007,0.082,0.126,0.112,0.183,0.496
"702",18009,0.093,0.152,0.106,0.203,0.447
"703",18011,0.052,0.085,0.142,0.308,0.413
"704",18013,0.055,0.061,0.041,0.184,0.66
"705",18015,0.059,0.104,0.17,0.22,0.447
"706",18017,0.037,0.192,0.283,0.206,0.283
"707",18019,0.068,0.06,0.141,0.228,0.501
"708",18021,0.122,0.073,0.112,0.226,0.466
"709",18023,0.088,0.033,0.132,0.285,0.462
"710",18025,0.067,0.089,0.118,0.261,0.465
"711",18027,0.049,0.061,0.13,0.214,0.546
"712",18029,0.083,0.1,0.168,0.277,0.371
"713",18031,0.175,0.083,0.101,0.204,0.437
"714",18033,0.109,0.074,0.118,0.149,0.55
"715",18035,0.095,0.109,0.124,0.197,0.475
"716",18037,0.01,0.105,0.086,0.25,0.55
"717",18039,0.03,0.097,0.094,0.252,0.528
"718",18041,0.161,0.041,0.048,0.237,0.514
"719",18043,0.053,0.086,0.154,0.233,0.474
"720",18045,0.077,0.089,0.147,0.212,0.474
"721",18047,0.07,0.082,0.104,0.199,0.545
"722",18049,0.142,0.114,0.128,0.217,0.399
"723",18051,0.09,0.1,0.204,0.255,0.351
"724",18053,0.053,0.108,0.133,0.311,0.393
"725",18055,0.099,0.027,0.081,0.235,0.558
"726",18057,0.07,0.051,0.049,0.234,0.596
"727",18059,0.068,0.04,0.166,0.306,0.42
"728",18061,0.094,0.084,0.205,0.258,0.359
"729",18063,0.054,0.052,0.113,0.257,0.523
"730",18065,0.183,0.148,0.125,0.111,0.434
"731",18067,0.008,0.083,0.183,0.301,0.426
"732",18069,0.15,0.182,0.053,0.199,0.416
"733",18071,0.097,0.098,0.105,0.388,0.312
"734",18073,0.186,0.1,0.065,0.328,0.321
"735",18075,0.141,0.139,0.157,0.235,0.328
"736",18077,0.083,0.219,0.218,0.225,0.255
"737",18079,0.095,0.105,0.172,0.308,0.319
"738",18081,0.057,0.094,0.1,0.192,0.557
"739",18083,0.158,0.125,0.121,0.259,0.338
"740",18085,0.073,0.147,0.089,0.195,0.496
"741",18087,0.059,0.082,0.171,0.236,0.452
"742",18089,0.043,0.057,0.088,0.219,0.592
"743",18091,0.084,0.075,0.168,0.206,0.466
"744",18093,0.092,0.117,0.109,0.191,0.491
"745",18095,0.062,0.084,0.15,0.145,0.559
"746",18097,0.051,0.053,0.116,0.232,0.548
"747",18099,0.12,0.103,0.159,0.229,0.389
"748",18101,0.041,0.064,0.123,0.223,0.55
"749",18103,0.054,0.125,0.253,0.226,0.343
"750",18105,0.037,0.037,0.094,0.242,0.591
"751",18107,0.07,0.116,0.168,0.156,0.49
"752",18109,0.06,0.131,0.136,0.188,0.485
"753",18111,0.102,0.153,0.092,0.338,0.316
"754",18113,0.057,0.11,0.135,0.197,0.5
"755",18115,0.06,0.078,0.18,0.223,0.459
"756",18117,0.096,0.086,0.073,0.315,0.43
"757",18119,0.094,0.038,0.087,0.282,0.5
"758",18121,0.116,0.111,0.174,0.195,0.405
"759",18123,0.01,0.109,0.087,0.252,0.542
"760",18125,0.052,0.089,0.163,0.2,0.495
"761",18127,0.05,0.1,0.108,0.231,0.512
"762",18129,0.132,0.056,0.115,0.226,0.472
"763",18131,0.135,0.219,0.171,0.253,0.223
"764",18133,0.075,0.162,0.204,0.194,0.366
"765",18135,0.128,0.13,0.228,0.179,0.336
"766",18137,0.054,0.074,0.15,0.294,0.429
"767",18139,0.133,0.118,0.063,0.279,0.408
"768",18141,0.031,0.04,0.102,0.228,0.598
"769",18143,0.036,0.073,0.168,0.263,0.46
"770",18145,0.16,0.057,0.177,0.193,0.413
"771",18147,0.017,0.134,0.104,0.216,0.529
"772",18149,0.177,0.151,0.088,0.219,0.365
"773",18151,0.04,0.089,0.17,0.169,0.532
"774",18153,0.127,0.071,0.077,0.207,0.517
"775",18155,0.089,0.125,0.209,0.234,0.344
"776",18157,0.093,0.083,0.102,0.204,0.518
"777",18159,0.033,0.082,0.089,0.444,0.352
"778",18161,0.095,0.053,0.106,0.178,0.569
"779",18163,0.07,0.039,0.115,0.234,0.542
"780",18165,0.113,0.105,0.134,0.223,0.426
"781",18167,0.118,0.064,0.102,0.25,0.466
"782",18169,0.07,0.11,0.237,0.202,0.381
"783",18171,0.079,0.115,0.092,0.223,0.492
"784",18173,0.045,0.038,0.117,0.252,0.548
"785",18175,0.097,0.074,0.062,0.356,0.411
"786",18177,0.162,0.09,0.138,0.261,0.348
"787",18179,0.205,0.05,0.077,0.337,0.332
"788",18181,0.056,0.177,0.194,0.189,0.384
"789",18183,0.061,0.186,0.132,0.16,0.46
"790",19001,0.073,0.128,0.128,0.307,0.364
"791",19003,0.148,0.11,0.15,0.311,0.281
"792",19005,0.138,0.049,0.132,0.212,0.469
"793",19007,0.044,0.11,0.239,0.193,0.413
"794",19009,0.224,0.073,0.194,0.187,0.322
"795",19011,0.098,0.067,0.13,0.2,0.504
"796",19013,0.032,0.053,0.18,0.289,0.447
"797",19015,0.09,0.08,0.1,0.197,0.533
"798",19017,0.048,0.062,0.197,0.268,0.424
"799",19019,0.021,0.124,0.087,0.394,0.373
"800",19021,0.183,0.062,0.26,0.207,0.288
"801",19023,0.052,0.094,0.208,0.23,0.417
"802",19025,0.212,0.117,0.213,0.153,0.304
"803",19027,0.153,0.11,0.241,0.139,0.358
"804",19029,0.341,0.07,0.124,0.238,0.227
"805",19031,0.026,0.096,0.142,0.355,0.381
"806",19033,0.061,0.365,0.146,0.213,0.215
"807",19035,0.183,0.105,0.221,0.182,0.309
"808",19037,0.075,0.136,0.197,0.236,0.356
"809",19039,0.078,0.167,0.143,0.194,0.418
"810",19041,0.224,0.035,0.112,0.189,0.441
"811",19043,0.123,0.084,0.137,0.284,0.371
"812",19045,0.092,0.13,0.079,0.269,0.43
"813",19047,0.089,0.045,0.141,0.064,0.66
"814",19049,0.036,0.102,0.118,0.26,0.485
"815",19051,0.038,0.101,0.249,0.201,0.411
"816",19053,0.248,0.132,0.258,0.068,0.294
"817",19055,0.035,0.137,0.137,0.408,0.283
"818",19057,0.135,0.081,0.109,0.122,0.553
"819",19059,0.276,0.027,0.091,0.173,0.433
"820",19061,0.037,0.155,0.189,0.189,0.43
"821",19063,0.241,0.083,0.067,0.181,0.428
"822",19065,0.054,0.075,0.128,0.349,0.394
"823",19067,0.063,0.271,0.148,0.25,0.268
"824",19069,0.088,0.278,0.187,0.186,0.261
"825",19071,0.048,0.061,0.071,0.209,0.611
"826",19073,0.116,0.141,0.235,0.153,0.354
"827",19075,0.038,0.042,0.203,0.238,0.48
"828",19077,0.162,0.073,0.143,0.283,0.34
"829",19079,0.143,0.118,0.129,0.153,0.457
"830",19081,0.08,0.384,0.146,0.174,0.216
"831",19083,0.074,0.075,0.195,0.214,0.441
"832",19085,0.118,0.044,0.094,0.178,0.565
"833",19087,0.123,0.142,0.091,0.183,0.461
"834",19089,0.077,0.151,0.176,0.183,0.413
"835",19091,0.243,0.268,0.147,0.102,0.24
"836",19093,0.153,0.094,0.246,0.128,0.38
"837",19095,0.027,0.149,0.135,0.239,0.45
"838",19097,0.032,0.096,0.229,0.232,0.411
"839",19099,0.102,0.105,0.233,0.212,0.347
"840",19101,0.074,0.116,0.221,0.191,0.398
"841",19103,0.014,0.044,0.069,0.2,0.673
"842",19105,0.04,0.105,0.165,0.336,0.355
"843",19107,0.035,0.126,0.287,0.28,0.272
"844",19109,0.135,0.318,0.101,0.173,0.272
"845",19111,0.17,0.146,0.131,0.161,0.392
"846",19113,0.039,0.081,0.115,0.201,0.563
"847",19115,0.097,0.058,0.15,0.214,0.482
"848",19117,0.032,0.204,0.196,0.185,0.384
"849",19119,0.078,0.173,0.157,0.247,0.344
"850",19121,0.01,0.102,0.136,0.268,0.484
"851",19123,0.069,0.067,0.294,0.283,0.287
"852",19125,0.053,0.049,0.209,0.26,0.429
"853",19127,0.077,0.064,0.153,0.226,0.48
"854",19129,0.064,0.084,0.091,0.281,0.481
"855",19131,0.046,0.282,0.149,0.26,0.263
"856",19133,0.078,0.069,0.087,0.127,0.64
"857",19135,0.034,0.078,0.256,0.247,0.385
"858",19137,0.218,0.034,0.084,0.378,0.286
"859",19139,0.12,0.022,0.221,0.273,0.364
"860",19141,0.173,0.054,0.267,0.187,0.319
"861",19143,0.195,0.051,0.233,0.199,0.322
"862",19145,0.088,0.053,0.068,0.31,0.481
"863",19147,0.199,0.116,0.088,0.179,0.419
"864",19149,0.125,0.145,0.166,0.162,0.402
"865",19151,0.214,0.124,0.162,0.165,0.335
"866",19153,0.044,0.089,0.136,0.259,0.473
"867",19155,0.115,0.083,0.147,0.264,0.39
"868",19157,0.121,0.145,0.187,0.164,0.383
"869",19159,0.144,0.138,0.281,0.162,0.275
"870",19161,0.18,0.071,0.286,0.159,0.303
"871",19163,0.075,0.027,0.126,0.277,0.494
"872",19165,0.099,0.059,0.182,0.145,0.516
"873",19167,0.12,0.06,0.285,0.2,0.335
"874",19169,0.045,0.075,0.071,0.235,0.574
"875",19171,0.066,0.053,0.209,0.181,0.491
"876",19173,0.09,0.151,0.185,0.282,0.292
"877",19175,0.03,0.125,0.172,0.21,0.462
"878",19177,0.107,0.128,0.175,0.218,0.372
"879",19179,0.034,0.082,0.293,0.221,0.37
"880",19181,0.055,0.182,0.181,0.245,0.337
"881",19183,0.035,0.102,0.123,0.151,0.589
"882",19185,0.138,0.148,0.252,0.12,0.342
"883",19187,0.209,0.167,0.161,0.101,0.362
"884",19189,0.07,0.329,0.176,0.197,0.228
"885",19191,0.122,0.044,0.151,0.177,0.505
"886",19193,0.113,0.165,0.137,0.16,0.425
"887",19195,0.072,0.271,0.175,0.231,0.251
"888",19197,0.172,0.299,0.173,0.125,0.232
"889",20001,0.153,0.212,0.126,0.167,0.341
"890",20003,0.189,0.063,0.137,0.267,0.344
"891",20005,0.137,0.122,0.169,0.256,0.316
"892",20007,0.069,0.147,0.118,0.329,0.336
"893",20009,0.107,0.131,0.12,0.211,0.43
"894",20011,0.167,0.146,0.077,0.12,0.49
"895",20013,0.089,0.149,0.183,0.197,0.382
"896",20015,0.053,0.133,0.122,0.222,0.47
"897",20017,0.151,0.082,0.212,0.225,0.331
"898",20019,0.128,0.137,0.185,0.214,0.337
"899",20021,0.131,0.121,0.164,0.174,0.41
"900",20023,0.065,0.27,0.174,0.235,0.256
"901",20025,0.163,0.13,0.126,0.232,0.348
"902",20027,0.081,0.069,0.115,0.229,0.507
"903",20029,0.154,0.077,0.118,0.217,0.434
"904",20031,0.085,0.119,0.165,0.404,0.227
"905",20033,0.112,0.144,0.128,0.271,0.346
"906",20035,0.075,0.093,0.28,0.131,0.421
"907",20037,0.108,0.143,0.118,0.139,0.492
"908",20039,0.163,0.118,0.211,0.235,0.273
"909",20041,0.106,0.118,0.148,0.243,0.385
"910",20043,0.137,0.193,0.184,0.214,0.272
"911",20045,0.006,0.009,0.024,0.227,0.734
"912",20047,0.052,0.086,0.135,0.221,0.506
"913",20049,0.061,0.05,0.295,0.282,0.312
"914",20051,0.154,0.154,0.224,0.148,0.32
"915",20053,0.174,0.133,0.133,0.187,0.373
"916",20055,0.166,0.089,0.163,0.239,0.343
"917",20057,0.143,0.084,0.143,0.232,0.399
"918",20059,0.063,0.06,0.159,0.354,0.364
"919",20061,0.05,0.068,0.113,0.27,0.499
"920",20063,0.24,0.089,0.234,0.151,0.287
"921",20065,0.218,0.156,0.247,0.129,0.25
"922",20067,0.14,0.108,0.15,0.231,0.37
"923",20069,0.158,0.092,0.146,0.24,0.364
"924",20071,0.135,0.131,0.181,0.229,0.323
"925",20073,0.034,0.079,0.256,0.302,0.33
"926",20075,0.131,0.095,0.189,0.217,0.368
"927",20077,0.079,0.118,0.21,0.193,0.4
"928",20079,0.075,0.058,0.121,0.323,0.423
"929",20081,0.153,0.107,0.137,0.239,0.364
"930",20083,0.126,0.075,0.163,0.225,0.412
"931",20085,0.01,0.116,0.161,0.136,0.577
"932",20087,0.026,0.069,0.09,0.182,0.634
"933",20089,0.171,0.142,0.087,0.259,0.34
"934",20091,0.029,0.019,0.075,0.224,0.654
"935",20093,0.155,0.098,0.172,0.229,0.346
"936",20095,0.081,0.212,0.114,0.128,0.464
"937",20097,0.062,0.107,0.128,0.233,0.469
"938",20099,0.168,0.123,0.091,0.147,0.471
"939",20101,0.197,0.075,0.197,0.204,0.326
"940",20103,0.087,0.135,0.092,0.142,0.544
"941",20105,0.171,0.132,0.16,0.163,0.375
"942",20107,0.14,0.053,0.121,0.285,0.4
"943",20109,0.206,0.131,0.194,0.189,0.28
"944",20111,0.113,0.111,0.133,0.3,0.344
"945",20113,0.12,0.065,0.106,0.313,0.396
"946",20115,0.101,0.068,0.209,0.279,0.343
"947",20117,0.048,0.049,0.233,0.263,0.407
"948",20119,0.164,0.123,0.115,0.235,0.362
"949",20121,0.071,0.044,0.095,0.25,0.54
"950",20123,0.173,0.116,0.144,0.18,0.388
"951",20125,0.164,0.132,0.102,0.195,0.407
"952",20127,0.11,0.094,0.148,0.244,0.404
"953",20129,0.12,0.113,0.144,0.218,0.405
"954",20131,0.035,0.094,0.203,0.236,0.432
"955",20133,0.133,0.204,0.12,0.127,0.416
"956",20135,0.15,0.083,0.199,0.198,0.371
"957",20137,0.161,0.163,0.177,0.225,0.275
"958",20139,0.018,0.09,0.088,0.24,0.564
"959",20141,0.174,0.233,0.163,0.136,0.293
"960",20143,0.131,0.117,0.164,0.191,0.396
"961",20145,0.053,0.096,0.137,0.217,0.497
"962",20147,0.15,0.244,0.126,0.19,0.29
"963",20149,0.012,0.057,0.145,0.236,0.55
"964",20151,0.02,0.183,0.101,0.309,0.387
"965",20153,0.128,0.174,0.209,0.22,0.268
"966",20155,0.135,0.077,0.143,0.191,0.454
"967",20157,0.183,0.073,0.076,0.295,0.373
"968",20159,0.153,0.086,0.11,0.241,0.41
"969",20161,0.03,0.05,0.124,0.261,0.535
"970",20163,0.179,0.22,0.218,0.123,0.26
"971",20165,0.11,0.122,0.182,0.183,0.403
"972",20167,0.16,0.174,0.174,0.157,0.335
"973",20169,0.126,0.133,0.175,0.209,0.357
"974",20171,0.197,0.09,0.19,0.21,0.313
"975",20173,0.06,0.055,0.126,0.26,0.499
